1~ 71 74 29 77 86 21 85 17 39 42 20 46 23 38 37 71 13 88 2 99 70 41 56 11 30
2~ 87 97 39 34 13 11 44 38 67 98 17 42 12 64 58 33 82 77 25 49 8 21 29 62 34
3~ 1 83 45 38 50 15 94 77 87 30 84 13 67 51 54 14 35 25 47 91 20 2 13 63 97
4~ 61 57 9 79 95 40 75 14 34 97 8 27 71 30 67 50 80 95 26 80 72 17 45 70 36
5~ 86 47 8 1 29 84 66 33 81 44 70 29 92 97 36 26 53 47 77 66 22 38 37 81 20
6~ 29 67 75 65 35 68 27 26 88 33 56 77 16 47 7 23 68 87 98 22 98 49 23 68 74
7~ 83 61 45 34 6 52 26 58 73 38 21 22 56 62 95 69 39 3 79 17 75 58 6 81 83
8~ 3 7 74 53 18 46 89 85 36 3 61 84 68 32 92 27 8 21 55 70 25 56 10 75 6
9~ 93 13 27 42 18 15 77 2 81 65 50 8 53 28 70 71 34 61 29 76 88 27 36 58 59
10~ 79 6 79 98 1 40 77 71 21 86 70 56 49 71 17 59 82 83 29 64 92 87 18 19 5
11~ 52 92 99 90 34 36 20 35 76 16 40 8 87 19 21 26 71 47 55 16 48 52 19 14 55
12~ 58 9 88 88 37 46 79 58 67 90 45 81 2 36 90 98 8 76 37 15 75 6 4 90 15
13~ 3 55 91 87 39 7 79 66 50 34 72 4 69 81 43 51 98 21 95 74 34 94 64 96 92
14~ 27 18 16 78 98 23 41 62 34 77 85 85 15 14 31 74 58 82 76 34 98 98 37 32 60
15~ 50 59 91 53 35 58 54 88 25 21 40 55 48 42 63 41 75 74 62 40 47 95 90 4 97
16~ 42 96 11 76 73 55 62 14 77 87 48 52 88 47 71 94 18 25 93 10 31 7 20 59 43
17~ 3 31 43 97 52 96 67 39 7 71 68 81 7 58 23 80 79 52 46 88 10 82 90 95 21
18~ 38 97 99 49 93 91 12 29 69 44 59 5 21 52 30 78 6 43 32 83 89 32 77 56 8
19~ 58 75 6 32 34 73 10 2 86 38 80 31 17 32 47 31 43 10 20 71 2 54 37 8 92
20~ 12 40 6 77 37 17 94 77 70 73 20 24 72 49 9 1 75 91 94 69 16 17 13 7 94
21~ 85 95 53 59 45 22 35 85 48 62 14 1 38 40 91 21 45 67 20 6 64 91 10 57 39
22~ 29 40 48 62 51 63 15 84 38 30 79 14 49 41 14 89 46 94 74 56 69 21 20 31 76
23~ 22 99 93 5 66 67 88 35 83 4 34 5 47 56 94 46 5 13 77 41 10 80 88 18 83
24~ 22 54 51 9 24 64 32 5 24 43 22 71 63 75 1 88 41 40 11 13 31 12 91 45 37
25~ 57 85 41 83 93 45 32 65 38 90 77 90 22 47 17 44 70 68 92 49 19 76 65 9 17
26~ 31 91 24 89 60 6 20 16 19 12 9 87 69 2 52 29 41 19 20 96 43 84 89 17 96
27~ 85 82 65 50 32 26 50 62 28 60 84 41 33 81 61 13 1 2 59 81 22 53 64 48 93
28~ 93 54 60 54 56 46 32 85 25 93 48 78 95 75 19 60 46 27 5 95 41 61 77 42 98
29~ 95 6 11 12 84 7 26 41 49 21 22 14 21 58 10 97 41 28 60 52 98 9 79 61 13
30~ 60 39 21 8 61 18 56 25 3 37 29 43 52 31 85 91 17 41 32 16 46 12 94 80 16
31~ 47 71 1 66 20 21 96 6 60 24 89 47 78 65 2 75 19 17 9 83 32 24 14 52 95
32~ 32 41 54 45 17 30 16 20 16 70 68 43 70 13 73 7 90 18 59 19 21 35 10 97 55
33~ 72 94 97 94 69 2 42 68 20 55 2 31 39 82 19 22 13 34 55 59 12 46 91 2 47
34~ 59 47 17 53 99 29 44 66 48 91 63 20 28 34 2 64 38 48 81 44 52 19 36 95 82
35~ 4 63 8 90 51 76 64 49 54 75 7 12 38 45 77 70 20 9 82 28 13 20 11 35 18
36~ 12 54 49 96 93 55 81 23 63 49 38 89 26 66 82 40 3 26 44 27 29 69 66 12 21
37~ 36 15 71 64 62 24 29 33 98 30 75 50 64 70 35 82 99 2 88 80 15 57 47 85 9
38~ 12 12 96 2 64 75 2 9 43 96 74 69 63 47 16 78 25 5 42 42 49 30 77 41 33
39~ 8 84 58 27 79 9 51 39 24 21 73 91 99 78 18 78 68 61 43 90 74 21 10 13 5
40~ 5 22 52 91 96 86 13 22 56 53 5 83 24 22 63 52 62 38 63 52 15 83 83 62 86
41~ 81 62 72 59 49 80 20 26 71 97 79 80 13 93 72 29 41 74 47 17 79 55 32 86 53
42~ 12 70 46 13 70 80 83 44 41 32 73 24 29 77 50 74 3 88 29 17 43 58 61 25 88
43~ 57 52 27 56 82 82 14 31 96 94 36 67 3 67 43 62 68 76 41 60 35 35 59 92 51
44~ 28 73 95 24 91 11 82 53 95 8 18 99 60 5 53 91 22 21 46 68 90 66 4 49 98
45~ 98 5 20 23 76 62 11 21 19 53 96 97 39 83 65 36 52 65 81 60 40 40 74 64 54
46~ 56 67 11 38 49 67 70 78 38 86 98 47 41 46 50 57 8 27 8 87 16 43 57 48 77
47~ 11 48 17 22 80 92 83 42 71 65 82 80 44 55 40 41 51 48 48 2 71 52 59 37 59
48~ 76 43 19 57 28 73 54 86 99 80 34 3 63 27 50 62 87 52 28 60 87 96 28 31 7
49~ 52 77 75 97 11 90 23 40 83 47 89 50 51 36 99 87 74 7 69 92 48 12 17 21 60
50~ 65 44 66 88 48 87 12 46 30 35 11 51 66 58 36 1 92 22 93 56 5 58 67 10 58
51~ 22 24 6 40 80 72 47 65 59 63 44 35 57 21 59 3 89 24 39 71 38 1 38 92 87
52~ 21 69 14 54 43 26 28 96 13 60 85 96 67 75 93 69 79 41 33 90 76 97 56 69 8
53~ 32 74 40 22 73 41 36 80 53 26 88 38 76 34 27 8 48 13 12 37 67 63 99 9 44
54~ 74 73 99 81 65 82 41 85 52 27 68 6 11 45 1 89 65 40 60 89 39 53 53 26 18
55~ 73 16 45 40 64 72 50 29 64 47 71 3 70 52 68 4 52 2 9 54 60 48 52 89 68
56~ 60 60 73 37 82 79 1 64 72 23 89 99 42 12 16 17 97 43 98 17 9 84 78 88 25
57~ 70 37 87 71 3 61 88 74 22 61 94 31 5 49 54 40 17 84 72 29 54 78 99 87 99
58~ 65 18 69 27 82 79 43 4 41 83 40 68 41 81 89 48 70 29 52 40 82 71 84 92 58
59~ 71 85 94 10 30 97 52 12 15 82 39 55 14 52 43 87 36 48 15 95 40 61 28 3 85
60~ 38 75 33 3 82 23 9 82 44 47 67 78 79 52 23 88 59 88 70 22 29 12 51 17 11
61~ 96 21 84 67 75 3 6 47 38 39 21 24 1 58 67 97 4 23 95 17 74 20 4 95 68
62~ 97 92 79 80 89 28 42 28 67 13 34 19 90 2 45 21 23 11 22 62 55 97 87 34 3
63~ 18 50 63 97 27 35 10 55 22 42 89 45 37 4 2 86 4 53 11 23 29 45 97 52 58
64~ 68 40 37 2 61 52 66 88 31 8 32 96 20 98 66 66 88 70 80 80 56 57 95 57 8
65~ 28 78 80 60 94 88 12 76 53 32 72 17 94 62 64 29 6 71 55 72 39 79 44 71 17
66~ 99 79 70 71 40 99 87 89 72 89 58 30 49 19 66 26 26 95 24 73 43 19 76 58 89
67~ 35 47 98 10 30 50 65 54 12 35 8 87 25 95 70 91 26 33 19 5 41 62 23 63 3
68~ 39 33 52 49 65 16 39 28 39 87 36 4 92 36 84 91 49 2 26 80 43 12 61 36 67
69~ 55 25 28 10 27 22 90 81 84 55 86 83 4 50 76 41 68 1 92 29 57 36 16 70 87
70~ 67 14 62 58 28 55 17 37 61 69 9 45 4 44 22 51 59 83 96 66 31 59 64 40 5
71~ 50 92 71 82 17 89 57 83 56 83 67 85 54 93 86 67 31 75 28 19 8 19 86 70 22
72~ 75 94 25 28 21 87 78 69 22 13 48 78 43 83 37 52 31 57 3 94 64 14 53 50 11
73~ 41 83 99 66 89 31 3 63 90 60 82 52 13 47 89 33 75 47 49 33 55 37 53 1 30
74~ 5 82 42 59 83 2 9 46 87 44 97 24 19 42 99 92 62 43 20 97 80 52 63 51 88
75~ 45 25 84 5 35 34 8 51 45 95 93 6 51 49 21 15 57 4 5 1 66 71 57 46 55
76~ 54 82 39 68 83 42 27 20 25 21 47 77 90 88 67 2 69 96 31 65 55 4 2 46 91
77~ 99 62 89 27 80 87 58 62 49 99 3 73 72 73 42 35 48 51 97 15 75 75 70 96 93
78~ 44 9 35 72 53 67 72 8 81 10 16 94 64 32 87 39 67 98 81 56 33 44 1 78 93
79~ 13 86 40 77 52 30 55 37 4 56 44 20 3 77 28 91 89 87 2 84 76 26 78 93 9
80~ 44 49 33 52 34 27 48 67 84 69 41 54 80 72 25 60 37 12 99 75 22 42 84 37 34
81~ 68 70 77 5 11 57 45 67 98 52 19 13 96 33 96 30 26 27 7 50 87 39 90 65 2
82~ 16 8 70 49 92 85 65 71 39 10 16 64 57 82 97 42 54 24 78 33 38 43 25 4 30
83~ 97 89 10 17 90 23 67 44 3 76 31 19 70 39 1 46 23 9 22 77 45 41 12 16 69
84~ 96 89 93 21 3 8 62 9 53 74 87 84 46 13 63 69 11 80 48 5 34 16 16 64 30
85~ 10 37 32 76 93 68 50 16 66 43 26 40 9 40 73 59 82 21 64 86 34 92 83 55 40
86~ 13 49 66 48 28 86 32 9 60 85 1 93 22 33 99 61 16 94 4 26 15 35 55 6 3
87~ 71 5 98 54 68 5 28 8 83 49 74 2 86 34 76 88 45 94 49 3 83 41 82 41 10
88~ 57 95 24 24 11 50 51 87 88 55 2 38 24 35 1 74 3 25 48 33 43 88 16 49 4
89~ 57 93 14 62 97 47 55 83 63 64 34 85 1 72 58 72 65 87 54 12 50 76 38 95 56
90~ 91 40 18 88 93 57 33 42 63 2 89 14 88 15 89 60 98 17 28 17 55 23 86 72 95
91~ 19 16 44 57 11 50 77 69 92 17 71 42 76 88 40 6 78 30 19 90 25 16 96 74 89
92~ 70 97 5 2 36 87 2 17 75 62 89 96 70 29 16 55 79 60 27 46 88 28 80 38 94
93~ 43 89 70 27 55 89 40 40 28 2 58 76 18 14 78 90 6 79 33 35 9 20 16 69 26
94~ 41 99 57 56 46 93 44 75 2 29 22 81 58 56 64 67 28 24 33 15 40 86 25 95 12
95~ 54 22 71 42 10 81 92 69 92 67 54 4 47 82 21 9 59 99 93 27 57 98 27 97 23
96~ 16 54 21 13 49 43 16 25 82 53 27 89 3 94 40 22 80 4 35 26 56 87 31 47 60
97~ 83 4 31 39 98 51 32 79 48 1 91 1 3 2 11 53 77 91 71 33 13 68 86 31 6
98~ 44 18 24 38 54 89 73 19 4 3 71 57 71 51 74 77 59 32 92 11 57 20 25 98 67
99~ 13 46 58 86 52 89 15 94 80 8 50 22 30 51 69 48 82 2 25 52 19 52 57 99 65
100~ 43 26 12 43 48 5 43 85 39 57 58 70 1 69 60 48 37 52 88 39 13 10 60 44 6
